
NODE-GROUND VOLTAGES BY CIRCUIT ELEMENT

Power Delivery Elements

Bus      (node ref)  Phase    Magnitude, kV (pu)    Angle

ELEMENT = "Vsource.SOURCE"
150       (  1)    1           2.4018 (       1) /_    0.0
150       (  2)    2           2.4018 (       1) /_ -120.0
150       (  3)    3           2.4018 (       1) /_  120.0
------------
150       (  0)    0                0 (       0) /_    0.0
150       (  0)    0                0 (       0) /_    0.0
150       (  0)    0                0 (       0) /_    0.0

ELEMENT = "Transformer.REG1A"
150       (  1)    1           2.4018 (       1) /_    0.0
150       (  2)    2           2.4018 (       1) /_ -120.0
150       (  3)    3           2.4018 (       1) /_  120.0
150       (  0)    0                0 (       0) /_    0.0
------------
150R      (  4)    1           2.4768 (   1.031) /_    0.0
150R      (  5)    2           2.4768 (   1.031) /_ -120.0
150R      (  6)    3           2.4768 (   1.031) /_  120.0
150R      (  0)    0                0 (       0) /_    0.0

ELEMENT = "Line.L115"
149       (  7)    1           2.4768 (   1.031) /_    0.0
149       (  8)    2           2.4768 (   1.031) /_ -120.0
149       (  9)    3           2.4768 (   1.031) /_  120.0
------------
1         ( 10)    1           2.4557 (   1.022) /_   -0.5
1         ( 11)    2           2.4736 (    1.03) /_ -120.3
1         ( 12)    3           2.4621 (   1.025) /_  119.7

ELEMENT = "Line.L1"
1         ( 11)    2           2.4736 (    1.03) /_ -120.3
------------
2         ( 13)    2           2.4732 (    1.03) /_ -120.3

ELEMENT = "Line.L2"
1         ( 12)    3           2.4621 (   1.025) /_  119.7
------------
3         ( 14)    3           2.4591 (   1.024) /_  119.7

ELEMENT = "Line.L3"
1         ( 10)    1           2.4557 (   1.022) /_   -0.5
1         ( 11)    2           2.4736 (    1.03) /_ -120.3
1         ( 12)    3           2.4621 (   1.025) /_  119.7
------------
7         ( 15)    1           2.4399 (   1.016) /_   -0.9
7         ( 16)    2           2.4714 (   1.029) /_ -120.5
7         ( 17)    3           2.4528 (   1.021) /_  119.5

ELEMENT = "Line.L4"
3         ( 14)    3           2.4591 (   1.024) /_  119.7
------------
4         ( 18)    3           2.4582 (   1.023) /_  119.7

ELEMENT = "Line.L5"
3         ( 14)    3           2.4591 (   1.024) /_  119.7
------------
5         ( 19)    3           2.4568 (   1.023) /_  119.7

ELEMENT = "Line.L6"
5         ( 19)    3           2.4568 (   1.023) /_  119.7
------------
6         ( 20)    3           2.4556 (   1.022) /_  119.6

ELEMENT = "Line.L7"
7         ( 15)    1           2.4399 (   1.016) /_   -0.9
7         ( 16)    2           2.4714 (   1.029) /_ -120.5
7         ( 17)    3           2.4528 (   1.021) /_  119.5
------------
8         ( 21)    1           2.4297 (   1.012) /_   -1.1
8         ( 22)    2           2.4698 (   1.028) /_ -120.6
8         ( 23)    3           2.4467 (   1.019) /_  119.4

ELEMENT = "Line.L8"
8         ( 22)    2           2.4698 (   1.028) /_ -120.6
------------
12        ( 24)    2           2.4693 (   1.028) /_ -120.6

ELEMENT = "Line.L9"
8         ( 21)    1           2.4297 (   1.012) /_   -1.1
------------
9         ( 25)    1            2.427 (   1.011) /_   -1.2

ELEMENT = "Line.L10"
8         ( 21)    1           2.4297 (   1.012) /_   -1.1
8         ( 22)    2           2.4698 (   1.028) /_ -120.6
8         ( 23)    3           2.4467 (   1.019) /_  119.4
------------
13        ( 26)    1           2.4163 (   1.006) /_   -1.5
13        ( 27)    2           2.4667 (   1.027) /_ -120.8
13        ( 28)    3           2.4375 (   1.015) /_  119.1

ELEMENT = "Line.L11"
9R        ( 29)    1           2.4119 (   1.004) /_   -1.2
------------
14        ( 30)    1           2.4088 (   1.003) /_   -1.2

ELEMENT = "Line.L12"
13        ( 28)    3           2.4375 (   1.015) /_  119.1
------------
34        ( 31)    3           2.4357 (   1.014) /_  119.1

ELEMENT = "Line.L13"
13        ( 26)    1           2.4163 (   1.006) /_   -1.5
13        ( 27)    2           2.4667 (   1.027) /_ -120.8
13        ( 28)    3           2.4375 (   1.015) /_  119.1
------------
18        ( 32)    1           2.3999 (  0.9992) /_   -1.8
18        ( 33)    2           2.4593 (   1.024) /_ -121.0
18        ( 34)    3           2.4239 (   1.009) /_  119.1

ELEMENT = "Line.L14"
14        ( 30)    1           2.4088 (   1.003) /_   -1.2
------------
11        ( 35)    1           2.4076 (   1.002) /_   -1.2

ELEMENT = "Line.L15"
14        ( 30)    1           2.4088 (   1.003) /_   -1.2
------------
10        ( 36)    1           2.4082 (   1.003) /_   -1.2

ELEMENT = "Line.L16"
15        ( 37)    3            2.435 (   1.014) /_  119.1
------------
16        ( 38)    3           2.4332 (   1.013) /_  119.1

ELEMENT = "Line.L17"
15        ( 37)    3            2.435 (   1.014) /_  119.1
------------
17        ( 39)    3           2.4341 (   1.013) /_  119.1

ELEMENT = "Line.L18"
18        ( 32)    1           2.3999 (  0.9992) /_   -1.8
------------
19        ( 40)    1           2.3975 (  0.9982) /_   -1.8

ELEMENT = "Line.L19"
18        ( 32)    1           2.3999 (  0.9992) /_   -1.8
18        ( 33)    2           2.4593 (   1.024) /_ -121.0
18        ( 34)    3           2.4239 (   1.009) /_  119.1
------------
21        ( 41)    1           2.3989 (  0.9988) /_   -1.8
21        ( 42)    2           2.4594 (   1.024) /_ -121.0
21        ( 43)    3           2.4218 (   1.008) /_  119.1

ELEMENT = "Line.L20"
19        ( 40)    1           2.3975 (  0.9982) /_   -1.8
------------
20        ( 44)    1            2.396 (  0.9976) /_   -1.8

ELEMENT = "Line.L21"
21        ( 42)    2           2.4594 (   1.024) /_ -121.0
------------
22        ( 45)    2           2.4568 (   1.023) /_ -121.0

ELEMENT = "Line.L22"
21        ( 41)    1           2.3989 (  0.9988) /_   -1.8
21        ( 42)    2           2.4594 (   1.024) /_ -121.0
21        ( 43)    3           2.4218 (   1.008) /_  119.1
------------
23        ( 46)    1           2.3982 (  0.9985) /_   -1.9
23        ( 47)    2           2.4601 (   1.024) /_ -121.0
23        ( 48)    3           2.4198 (   1.007) /_  119.0

ELEMENT = "Line.L23"
23        ( 48)    3           2.4198 (   1.007) /_  119.0
------------
24        ( 49)    3           2.4172 (   1.006) /_  119.0

ELEMENT = "Line.L24"
23        ( 46)    1           2.3982 (  0.9985) /_   -1.9
23        ( 47)    2           2.4601 (   1.024) /_ -121.0
23        ( 48)    3           2.4198 (   1.007) /_  119.0
------------
25        ( 50)    1            2.397 (   0.998) /_   -1.9
25        ( 51)    2           2.4609 (   1.025) /_ -120.9
25        ( 52)    3           2.4182 (   1.007) /_  119.0

ELEMENT = "Line.L25"
25R       ( 53)    1           2.4119 (   1.004) /_   -1.9
25R       ( 54)    3            2.403 (   1.001) /_  119.0
------------
26        ( 55)    1           2.4115 (   1.004) /_   -1.9
26        ( 56)    3           2.4021 (       1) /_  119.0

ELEMENT = "Line.L26"
25        ( 50)    1            2.397 (   0.998) /_   -1.9
25        ( 51)    2           2.4609 (   1.025) /_ -120.9
25        ( 52)    3           2.4182 (   1.007) /_  119.0
------------
28        ( 57)    1           2.3963 (  0.9977) /_   -1.9
28        ( 58)    2           2.4613 (   1.025) /_ -120.9
28        ( 59)    3           2.4175 (   1.007) /_  119.0

ELEMENT = "Line.L27"
26        ( 55)    1           2.4115 (   1.004) /_   -1.9
26        ( 56)    3           2.4021 (       1) /_  119.0
------------
27        ( 60)    1           2.4108 (   1.004) /_   -2.0
27        ( 61)    3           2.4021 (       1) /_  119.0

ELEMENT = "Line.L28"
26        ( 56)    3           2.4021 (       1) /_  119.0
------------
31        ( 62)    3           2.4011 (  0.9997) /_  119.0

ELEMENT = "Line.L29"
27        ( 60)    1           2.4108 (   1.004) /_   -2.0
------------
33        ( 63)    1           2.4084 (   1.003) /_   -2.0

ELEMENT = "Line.L30"
28        ( 57)    1           2.3963 (  0.9977) /_   -1.9
28        ( 58)    2           2.4613 (   1.025) /_ -120.9
28        ( 59)    3           2.4175 (   1.007) /_  119.0
------------
29        ( 64)    1            2.396 (  0.9976) /_   -2.0
29        ( 65)    2           2.4616 (   1.025) /_ -120.9
29        ( 66)    3           2.4167 (   1.006) /_  119.0

ELEMENT = "Line.L31"
29        ( 64)    1            2.396 (  0.9976) /_   -2.0
29        ( 65)    2           2.4616 (   1.025) /_ -120.9
29        ( 66)    3           2.4167 (   1.006) /_  119.0
------------
30        ( 67)    1           2.3965 (  0.9978) /_   -2.0
30        ( 68)    2           2.4615 (   1.025) /_ -120.9
30        ( 69)    3           2.4159 (   1.006) /_  119.0

ELEMENT = "Line.L32"
30        ( 67)    1           2.3965 (  0.9978) /_   -2.0
30        ( 68)    2           2.4615 (   1.025) /_ -120.9
30        ( 69)    3           2.4159 (   1.006) /_  119.0
------------
250       ( 70)    1           2.3965 (  0.9978) /_   -2.0
250       ( 71)    2           2.4615 (   1.025) /_ -120.9
250       ( 72)    3           2.4159 (   1.006) /_  119.0

ELEMENT = "Line.L33"
31        ( 62)    3           2.4011 (  0.9997) /_  119.0
------------
32        ( 73)    3           2.4004 (  0.9994) /_  119.0

ELEMENT = "Line.L34"
34        ( 31)    3           2.4357 (   1.014) /_  119.1
------------
15        ( 37)    3            2.435 (   1.014) /_  119.1

ELEMENT = "Line.L35"
35        ( 74)    1           2.3949 (  0.9971) /_   -1.9
35        ( 75)    2           2.4547 (   1.022) /_ -121.0
------------
36        ( 76)    1           2.3932 (  0.9964) /_   -1.9
36        ( 77)    2           2.4538 (   1.022) /_ -121.1

ELEMENT = "Line.L36"
35        ( 74)    1           2.3949 (  0.9971) /_   -1.9
35        ( 75)    2           2.4547 (   1.022) /_ -121.0
35        ( 78)    3            2.422 (   1.008) /_  119.0
------------
40        ( 79)    1           2.3921 (   0.996) /_   -1.9
40        ( 80)    2           2.4526 (   1.021) /_ -121.1
40        ( 81)    3           2.4201 (   1.008) /_  119.0

ELEMENT = "Line.L37"
36        ( 76)    1           2.3932 (  0.9964) /_   -1.9
------------
37        ( 82)    1           2.3918 (  0.9958) /_   -1.9

ELEMENT = "Line.L38"
36        ( 77)    2           2.4538 (   1.022) /_ -121.1
------------
38        ( 83)    2           2.4526 (   1.021) /_ -121.1

ELEMENT = "Line.L39"
38        ( 83)    2           2.4526 (   1.021) /_ -121.1
------------
39        ( 84)    2           2.4519 (   1.021) /_ -121.1

ELEMENT = "Line.L40"
40        ( 81)    3           2.4201 (   1.008) /_  119.0
------------
41        ( 85)    3           2.4193 (   1.007) /_  119.0

ELEMENT = "Line.L41"
40        ( 79)    1           2.3921 (   0.996) /_   -1.9
40        ( 80)    2           2.4526 (   1.021) /_ -121.1
40        ( 81)    3           2.4201 (   1.008) /_  119.0
------------
42        ( 86)    1           2.3893 (  0.9948) /_   -1.9
42        ( 87)    2           2.4506 (    1.02) /_ -121.1
42        ( 88)    3           2.4185 (   1.007) /_  119.0

ELEMENT = "Line.L42"
42        ( 87)    2           2.4506 (    1.02) /_ -121.1
------------
43        ( 89)    2           2.4481 (   1.019) /_ -121.1

ELEMENT = "Line.L43"
42        ( 86)    1           2.3893 (  0.9948) /_   -1.9
42        ( 87)    2           2.4506 (    1.02) /_ -121.1
42        ( 88)    3           2.4185 (   1.007) /_  119.0
------------
44        ( 90)    1           2.3873 (   0.994) /_   -1.9
44        ( 91)    2           2.4493 (    1.02) /_ -121.1
44        ( 92)    3            2.417 (   1.006) /_  118.9

ELEMENT = "Line.L44"
44        ( 90)    1           2.3873 (   0.994) /_   -1.9
------------
45        ( 93)    1           2.3863 (  0.9936) /_   -1.9

ELEMENT = "Line.L45"
44        ( 90)    1           2.3873 (   0.994) /_   -1.9
44        ( 91)    2           2.4493 (    1.02) /_ -121.1
44        ( 92)    3            2.417 (   1.006) /_  118.9
------------
47        ( 94)    1           2.3854 (  0.9932) /_   -2.0
47        ( 95)    2           2.4473 (   1.019) /_ -121.1
47        ( 96)    3           2.4152 (   1.006) /_  118.9

ELEMENT = "Line.L46"
45        ( 93)    1           2.3863 (  0.9936) /_   -1.9
------------
46        ( 97)    1           2.3856 (  0.9933) /_   -2.0

ELEMENT = "Line.L47"
47        ( 94)    1           2.3854 (  0.9932) /_   -2.0
47        ( 95)    2           2.4473 (   1.019) /_ -121.1
47        ( 96)    3           2.4152 (   1.006) /_  118.9
------------
48        ( 98)    1           2.3849 (   0.993) /_   -2.0
48        ( 99)    2           2.4468 (   1.019) /_ -121.2
48        (100)    3           2.4148 (   1.005) /_  118.9

ELEMENT = "Line.L48"
47        ( 94)    1           2.3854 (  0.9932) /_   -2.0
47        ( 95)    2           2.4473 (   1.019) /_ -121.1
47        ( 96)    3           2.4152 (   1.006) /_  118.9
------------
49        (101)    1           2.3849 (   0.993) /_   -2.0
49        (102)    2           2.4463 (   1.019) /_ -121.2
49        (103)    3           2.4146 (   1.005) /_  118.9

ELEMENT = "Line.L49"
49        (101)    1           2.3849 (   0.993) /_   -2.0
49        (102)    2           2.4463 (   1.019) /_ -121.2
49        (103)    3           2.4146 (   1.005) /_  118.9
------------
50        (104)    1           2.3849 (   0.993) /_   -2.0
50        (105)    2           2.4464 (   1.019) /_ -121.1
50        (106)    3            2.414 (   1.005) /_  118.9

ELEMENT = "Line.L50"
50        (104)    1           2.3849 (   0.993) /_   -2.0
50        (105)    2           2.4464 (   1.019) /_ -121.1
50        (106)    3            2.414 (   1.005) /_  118.9
------------
51        (107)    1           2.3846 (  0.9928) /_   -2.0
51        (108)    2           2.4465 (   1.019) /_ -121.1
51        (109)    3            2.414 (   1.005) /_  118.9

ELEMENT = "Line.L51"
51        (107)    1           2.3846 (  0.9928) /_   -2.0
51        (108)    2           2.4465 (   1.019) /_ -121.1
51        (109)    3            2.414 (   1.005) /_  118.9
------------
151       (110)    1           2.3846 (  0.9928) /_   -2.0
151       (111)    2           2.4465 (   1.019) /_ -121.1
151       (112)    3            2.414 (   1.005) /_  118.9

ELEMENT = "Line.L52"
52        (113)    1           2.4068 (   1.002) /_   -1.8
52        (114)    2           2.4657 (   1.027) /_ -121.0
52        (115)    3            2.433 (   1.013) /_  118.9
------------
53        (116)    1           2.4026 (       1) /_   -1.9
53        (117)    2           2.4649 (   1.026) /_ -121.1
53        (118)    3           2.4308 (   1.012) /_  118.8

ELEMENT = "Line.L53"
53        (116)    1           2.4026 (       1) /_   -1.9
53        (117)    2           2.4649 (   1.026) /_ -121.1
53        (118)    3           2.4308 (   1.012) /_  118.8
------------
54        (119)    1           2.4003 (  0.9994) /_   -2.0
54        (120)    2           2.4642 (   1.026) /_ -121.1
54        (121)    3           2.4295 (   1.012) /_  118.7

ELEMENT = "Line.L54"
54        (119)    1           2.4003 (  0.9994) /_   -2.0
54        (120)    2           2.4642 (   1.026) /_ -121.1
54        (121)    3           2.4295 (   1.012) /_  118.7
------------
55        (122)    1           2.3999 (  0.9992) /_   -2.0
55        (123)    2           2.4641 (   1.026) /_ -121.1
55        (124)    3           2.4296 (   1.012) /_  118.7

ELEMENT = "Line.L55"
54        (119)    1           2.4003 (  0.9994) /_   -2.0
54        (120)    2           2.4642 (   1.026) /_ -121.1
54        (121)    3           2.4295 (   1.012) /_  118.7
------------
57        (125)    1           2.3959 (  0.9975) /_   -2.3
57        (126)    2           2.4602 (   1.024) /_ -121.3
57        (127)    3           2.4259 (    1.01) /_  118.6

ELEMENT = "Line.L56"
55        (122)    1           2.3999 (  0.9992) /_   -2.0
55        (123)    2           2.4641 (   1.026) /_ -121.1
55        (124)    3           2.4296 (   1.012) /_  118.7
------------
56        (128)    1           2.3998 (  0.9992) /_   -2.0
56        (129)    2           2.4638 (   1.026) /_ -121.1
56        (130)    3           2.4298 (   1.012) /_  118.7

ELEMENT = "Line.L57"
57        (126)    2           2.4602 (   1.024) /_ -121.3
------------
58        (131)    2           2.4591 (   1.024) /_ -121.3

ELEMENT = "Line.L58"
57        (125)    1           2.3959 (  0.9975) /_   -2.3
57        (126)    2           2.4602 (   1.024) /_ -121.3
57        (127)    3           2.4259 (    1.01) /_  118.6
------------
60        (132)    1           2.3868 (  0.9938) /_   -2.8
60        (133)    2           2.4536 (   1.022) /_ -121.6
60        (134)    3           2.4173 (   1.006) /_  118.2

ELEMENT = "Line.L59"
58        (131)    2           2.4591 (   1.024) /_ -121.3
------------
59        (135)    2           2.4585 (   1.024) /_ -121.3

ELEMENT = "Line.L60"
60        (132)    1           2.3868 (  0.9938) /_   -2.8
60        (133)    2           2.4536 (   1.022) /_ -121.6
60        (134)    3           2.4173 (   1.006) /_  118.2
------------
61        (136)    1           2.3868 (  0.9938) /_   -2.8
61        (137)    2           2.4536 (   1.022) /_ -121.6
61        (138)    3           2.4173 (   1.006) /_  118.2

ELEMENT = "Line.L61"
60        (132)    1           2.3868 (  0.9938) /_   -2.8
60        (133)    2           2.4536 (   1.022) /_ -121.6
60        (134)    3           2.4173 (   1.006) /_  118.2
------------
62        (139)    1           2.3854 (  0.9932) /_   -2.8
62        (140)    2           2.4515 (   1.021) /_ -121.6
62        (141)    3           2.4135 (   1.005) /_  118.2

ELEMENT = "Line.L62"
62        (139)    1           2.3854 (  0.9932) /_   -2.8
62        (140)    2           2.4515 (   1.021) /_ -121.6
62        (141)    3           2.4135 (   1.005) /_  118.2
------------
63        (142)    1           2.3843 (  0.9927) /_   -2.8
63        (143)    2           2.4499 (    1.02) /_ -121.6
63        (144)    3           2.4117 (   1.004) /_  118.2

ELEMENT = "Line.L63"
63        (142)    1           2.3843 (  0.9927) /_   -2.8
63        (143)    2           2.4499 (    1.02) /_ -121.6
63        (144)    3           2.4117 (   1.004) /_  118.2
------------
64        (145)    1           2.3837 (  0.9925) /_   -2.8
64        (146)    2           2.4465 (   1.019) /_ -121.6
64        (147)    3           2.4078 (   1.003) /_  118.2

ELEMENT = "Line.L64"
64        (145)    1           2.3837 (  0.9925) /_   -2.8
64        (146)    2           2.4465 (   1.019) /_ -121.6
64        (147)    3           2.4078 (   1.003) /_  118.2
------------
65        (148)    1           2.3824 (  0.9919) /_   -2.8
65        (149)    2           2.4459 (   1.018) /_ -121.6
65        (150)    3           2.4024 (       1) /_  118.2

ELEMENT = "Line.L65"
65        (148)    1           2.3824 (  0.9919) /_   -2.8
65        (149)    2           2.4459 (   1.018) /_ -121.6
65        (150)    3           2.4024 (       1) /_  118.2
------------
66        (151)    1           2.3828 (  0.9921) /_   -2.8
66        (152)    2           2.4463 (   1.019) /_ -121.5
66        (153)    3           2.3996 (  0.9991) /_  118.2

ELEMENT = "Line.L66"
67        (154)    1           2.4889 (   1.036) /_   -3.0
------------
68        (155)    1           2.4861 (   1.035) /_   -3.0

ELEMENT = "Line.L67"
67        (154)    1           2.4889 (   1.036) /_   -3.0
67        (156)    2           2.4992 (   1.041) /_ -121.8
67        (157)    3           2.4899 (   1.037) /_  118.1
------------
72        (158)    1           2.4905 (   1.037) /_   -3.1
72        (159)    2           2.4985 (    1.04) /_ -121.9
72        (160)    3           2.4904 (   1.037) /_  118.0

ELEMENT = "Line.L68"
67        (154)    1           2.4889 (   1.036) /_   -3.0
67        (156)    2           2.4992 (   1.041) /_ -121.8
67        (157)    3           2.4899 (   1.037) /_  118.1
------------
97        (161)    1           2.4871 (   1.036) /_   -3.0
97        (162)    2           2.4983 (    1.04) /_ -121.8
97        (163)    3           2.4886 (   1.036) /_  118.1

ELEMENT = "Line.L69"
68        (155)    1           2.4861 (   1.035) /_   -3.0
------------
69        (164)    1           2.4829 (   1.034) /_   -3.0

ELEMENT = "Line.L70"
69        (164)    1           2.4829 (   1.034) /_   -3.0
------------
70        (165)    1           2.4807 (   1.033) /_   -3.0

ELEMENT = "Line.L71"
70        (165)    1           2.4807 (   1.033) /_   -3.0
------------
71        (166)    1           2.4794 (   1.032) /_   -3.1

ELEMENT = "Line.L72"
72        (160)    3           2.4904 (   1.037) /_  118.0
------------
73        (167)    3           2.4865 (   1.035) /_  118.0

ELEMENT = "Line.L73"
72        (158)    1           2.4905 (   1.037) /_   -3.1
72        (159)    2           2.4985 (    1.04) /_ -121.9
72        (160)    3           2.4904 (   1.037) /_  118.0
------------
76        (168)    1            2.491 (   1.037) /_   -3.1
76        (169)    2           2.4982 (    1.04) /_ -122.0
76        (170)    3           2.4921 (   1.038) /_  117.9

ELEMENT = "Line.L74"
73        (167)    3           2.4865 (   1.035) /_  118.0
------------
74        (171)    3           2.4831 (   1.034) /_  117.9

ELEMENT = "Line.L75"
74        (171)    3           2.4831 (   1.034) /_  117.9
------------
75        (172)    3           2.4813 (   1.033) /_  117.9

ELEMENT = "Line.L76"
76        (168)    1            2.491 (   1.037) /_   -3.1
76        (169)    2           2.4982 (    1.04) /_ -122.0
76        (170)    3           2.4921 (   1.038) /_  117.9
------------
77        (173)    1           2.4942 (   1.038) /_   -3.2
77        (174)    2           2.5014 (   1.041) /_ -122.0
77        (175)    3           2.4946 (   1.039) /_  117.9

ELEMENT = "Line.L77"
76        (168)    1            2.491 (   1.037) /_   -3.1
76        (169)    2           2.4982 (    1.04) /_ -122.0
76        (170)    3           2.4921 (   1.038) /_  117.9
------------
86        (176)    1           2.4899 (   1.037) /_   -3.1
86        (177)    2           2.4955 (   1.039) /_ -122.1
86        (178)    3           2.4951 (   1.039) /_  117.9

ELEMENT = "Line.L78"
77        (173)    1           2.4942 (   1.038) /_   -3.2
77        (174)    2           2.5014 (   1.041) /_ -122.0
77        (175)    3           2.4946 (   1.039) /_  117.9
------------
78        (179)    1            2.495 (   1.039) /_   -3.2
78        (180)    2           2.5024 (   1.042) /_ -122.0
78        (181)    3           2.4952 (   1.039) /_  117.9

ELEMENT = "Line.L79"
78        (179)    1            2.495 (   1.039) /_   -3.2
78        (180)    2           2.5024 (   1.042) /_ -122.0
78        (181)    3           2.4952 (   1.039) /_  117.9
------------
79        (182)    1           2.4944 (   1.039) /_   -3.2
79        (183)    2           2.5027 (   1.042) /_ -122.0
79        (184)    3           2.4951 (   1.039) /_  117.9

ELEMENT = "Line.L80"
78        (179)    1            2.495 (   1.039) /_   -3.2
78        (180)    2           2.5024 (   1.042) /_ -122.0
78        (181)    3           2.4952 (   1.039) /_  117.9
------------
80        (185)    1              2.5 (   1.041) /_   -3.2
80        (186)    2           2.5068 (   1.044) /_ -122.1
80        (187)    3           2.4979 (    1.04) /_  117.8

ELEMENT = "Line.L81"
80        (185)    1              2.5 (   1.041) /_   -3.2
80        (186)    2           2.5068 (   1.044) /_ -122.1
80        (187)    3           2.4979 (    1.04) /_  117.8
------------
81        (188)    1           2.5018 (   1.042) /_   -3.3
81        (189)    2           2.5088 (   1.045) /_ -122.1
81        (190)    3           2.4987 (    1.04) /_  117.7

ELEMENT = "Line.L82"
81        (188)    1           2.5018 (   1.042) /_   -3.3
81        (189)    2           2.5088 (   1.045) /_ -122.1
81        (190)    3           2.4987 (    1.04) /_  117.7
------------
82        (191)    1            2.504 (   1.043) /_   -3.3
82        (192)    2           2.5118 (   1.046) /_ -122.2
82        (193)    3           2.5007 (   1.041) /_  117.7

ELEMENT = "Line.L83"
81        (190)    3           2.4987 (    1.04) /_  117.7
------------
84        (194)    3            2.494 (   1.038) /_  117.7

ELEMENT = "Line.L84"
82        (191)    1            2.504 (   1.043) /_   -3.3
82        (192)    2           2.5118 (   1.046) /_ -122.2
82        (193)    3           2.5007 (   1.041) /_  117.7
------------
83        (195)    1           2.5068 (   1.044) /_   -3.3
83        (196)    2           2.5145 (   1.047) /_ -122.2
83        (197)    3           2.5028 (   1.042) /_  117.7

ELEMENT = "Line.L85"
84        (194)    3            2.494 (   1.038) /_  117.7
------------
85        (198)    3           2.4918 (   1.037) /_  117.7

ELEMENT = "Line.L86"
86        (176)    1           2.4899 (   1.037) /_   -3.1
86        (177)    2           2.4955 (   1.039) /_ -122.1
86        (178)    3           2.4951 (   1.039) /_  117.9
------------
87        (199)    1           2.4893 (   1.036) /_   -3.2
87        (200)    2           2.4944 (   1.039) /_ -122.2
87        (201)    3           2.4963 (   1.039) /_  117.9

ELEMENT = "Line.L87"
87        (199)    1           2.4893 (   1.036) /_   -3.2
------------
88        (202)    1           2.4894 (   1.037) /_   -3.2

ELEMENT = "Line.L88"
87        (199)    1           2.4893 (   1.036) /_   -3.2
87        (200)    2           2.4944 (   1.039) /_ -122.2
87        (201)    3           2.4963 (   1.039) /_  117.9
------------
89        (203)    1           2.4884 (   1.036) /_   -3.2
89        (204)    2           2.4941 (   1.038) /_ -122.2
89        (205)    3           2.4973 (    1.04) /_  117.9

ELEMENT = "Line.L89"
89        (204)    2           2.4941 (   1.038) /_ -122.2
------------
90        (206)    2           2.4943 (   1.039) /_ -122.2

ELEMENT = "Line.L90"
89        (203)    1           2.4884 (   1.036) /_   -3.2
89        (204)    2           2.4941 (   1.038) /_ -122.2
89        (205)    3           2.4973 (    1.04) /_  117.9
------------
91        (207)    1            2.488 (   1.036) /_   -3.2
91        (208)    2           2.4934 (   1.038) /_ -122.2
91        (209)    3           2.4979 (    1.04) /_  117.9

ELEMENT = "Line.L91"
91        (209)    3           2.4979 (    1.04) /_  117.9
------------
92        (210)    3           2.4982 (    1.04) /_  117.8

ELEMENT = "Line.L92"
91        (207)    1            2.488 (   1.036) /_   -3.2
91        (208)    2           2.4934 (   1.038) /_ -122.2
91        (209)    3           2.4979 (    1.04) /_  117.9
------------
93        (211)    1           2.4874 (   1.036) /_   -3.2
93        (212)    2           2.4932 (   1.038) /_ -122.2
93        (213)    3           2.4981 (    1.04) /_  117.9

ELEMENT = "Line.L93"
93        (211)    1           2.4874 (   1.036) /_   -3.2
------------
94        (214)    1           2.4862 (   1.035) /_   -3.2

ELEMENT = "Line.L94"
93        (211)    1           2.4874 (   1.036) /_   -3.2
93        (212)    2           2.4932 (   1.038) /_ -122.2
93        (213)    3           2.4981 (    1.04) /_  117.9
------------
95        (215)    1           2.4874 (   1.036) /_   -3.1
95        (216)    2           2.4925 (   1.038) /_ -122.2
95        (217)    3           2.4984 (    1.04) /_  117.9

ELEMENT = "Line.L95"
95        (216)    2           2.4925 (   1.038) /_ -122.2
------------
96        (218)    2            2.492 (   1.038) /_ -122.2

ELEMENT = "Line.L96"
97        (161)    1           2.4871 (   1.036) /_   -3.0
97        (162)    2           2.4983 (    1.04) /_ -121.8
97        (163)    3           2.4886 (   1.036) /_  118.1
------------
98        (219)    1           2.4867 (   1.035) /_   -3.0
98        (220)    2           2.4978 (    1.04) /_ -121.8
98        (221)    3           2.4882 (   1.036) /_  118.1

ELEMENT = "Line.L97"
98        (219)    1           2.4867 (   1.035) /_   -3.0
98        (220)    2           2.4978 (    1.04) /_ -121.8
98        (221)    3           2.4882 (   1.036) /_  118.1
------------
99        (222)    1           2.4872 (   1.036) /_   -3.0
99        (223)    2           2.4963 (   1.039) /_ -121.8
99        (224)    3           2.4876 (   1.036) /_  118.0

ELEMENT = "Line.L98"
99        (222)    1           2.4872 (   1.036) /_   -3.0
99        (223)    2           2.4963 (   1.039) /_ -121.8
99        (224)    3           2.4876 (   1.036) /_  118.0
------------
100       (225)    1           2.4876 (   1.036) /_   -3.0
100       (226)    2           2.4962 (   1.039) /_ -121.8
100       (227)    3           2.4869 (   1.035) /_  118.0

ELEMENT = "Line.L99"
100       (225)    1           2.4876 (   1.036) /_   -3.0
100       (226)    2           2.4962 (   1.039) /_ -121.8
100       (227)    3           2.4869 (   1.035) /_  118.0
------------
450       (228)    1           2.4876 (   1.036) /_   -3.0
450       (229)    2           2.4962 (   1.039) /_ -121.8
450       (230)    3           2.4869 (   1.035) /_  118.0

ELEMENT = "Line.L118"
197       (231)    1           2.4871 (   1.036) /_   -3.0
197       (232)    2           2.4983 (    1.04) /_ -121.8
197       (233)    3           2.4886 (   1.036) /_  118.1
------------
101       (234)    1           2.4856 (   1.035) /_   -3.1
101       (235)    2           2.4978 (    1.04) /_ -121.8
101       (236)    3           2.4876 (   1.036) /_  118.1

ELEMENT = "Line.L100"
101       (236)    3           2.4876 (   1.036) /_  118.1
------------
102       (237)    3            2.485 (   1.035) /_  118.0

ELEMENT = "Line.L101"
101       (234)    1           2.4856 (   1.035) /_   -3.1
101       (235)    2           2.4978 (    1.04) /_ -121.8
101       (236)    3           2.4876 (   1.036) /_  118.1
------------
105       (238)    1           2.4832 (   1.034) /_   -3.1
105       (239)    2           2.4975 (    1.04) /_ -121.8
105       (240)    3           2.4881 (   1.036) /_  118.1

ELEMENT = "Line.L102"
102       (237)    3            2.485 (   1.035) /_  118.0
------------
103       (241)    3            2.482 (   1.033) /_  118.0

ELEMENT = "Line.L103"
103       (241)    3            2.482 (   1.033) /_  118.0
------------
104       (242)    3           2.4788 (   1.032) /_  118.0

ELEMENT = "Line.L104"
105       (239)    2           2.4975 (    1.04) /_ -121.8
------------
106       (243)    2           2.4954 (   1.039) /_ -121.9

ELEMENT = "Line.L105"
105       (238)    1           2.4832 (   1.034) /_   -3.1
105       (239)    2           2.4975 (    1.04) /_ -121.8
105       (240)    3           2.4881 (   1.036) /_  118.1
------------
108       (244)    1           2.4805 (   1.033) /_   -3.1
108       (245)    2           2.4987 (    1.04) /_ -121.9
108       (246)    3           2.4878 (   1.036) /_  118.1

ELEMENT = "Line.L106"
106       (243)    2           2.4954 (   1.039) /_ -121.9
------------
107       (247)    2           2.4928 (   1.038) /_ -121.9

ELEMENT = "Line.L107"
108       (244)    1           2.4805 (   1.033) /_   -3.1
------------
109       (248)    1           2.4731 (    1.03) /_   -3.2

ELEMENT = "Line.L108"
108       (244)    1           2.4805 (   1.033) /_   -3.1
108       (245)    2           2.4987 (    1.04) /_ -121.9
108       (246)    3           2.4878 (   1.036) /_  118.1
------------
300       (249)    1           2.4805 (   1.033) /_   -3.1
300       (250)    2           2.4987 (    1.04) /_ -121.9
300       (251)    3           2.4878 (   1.036) /_  118.1

ELEMENT = "Line.L109"
109       (248)    1           2.4731 (    1.03) /_   -3.2
------------
110       (252)    1           2.4695 (   1.028) /_   -3.2

ELEMENT = "Line.L110"
110       (252)    1           2.4695 (   1.028) /_   -3.2
------------
111       (253)    1           2.4681 (   1.028) /_   -3.2

ELEMENT = "Line.L111"
110       (252)    1           2.4695 (   1.028) /_   -3.2
------------
112       (254)    1           2.4683 (   1.028) /_   -3.2

ELEMENT = "Line.L112"
112       (254)    1           2.4683 (   1.028) /_   -3.2
------------
113       (255)    1           2.4645 (   1.026) /_   -3.3

ELEMENT = "Line.L113"
113       (255)    1           2.4645 (   1.026) /_   -3.3
------------
114       (256)    1           2.4637 (   1.026) /_   -3.3

ELEMENT = "Line.L114"
135       (257)    1           2.3999 (  0.9992) /_   -1.8
135       (258)    2           2.4593 (   1.024) /_ -121.0
135       (259)    3           2.4239 (   1.009) /_  119.1
------------
35        ( 74)    1           2.3949 (  0.9971) /_   -1.9
35        ( 75)    2           2.4547 (   1.022) /_ -121.0
35        ( 78)    3            2.422 (   1.008) /_  119.0

ELEMENT = "Line.L116"
152       (260)    1           2.4163 (   1.006) /_   -1.5
152       (261)    2           2.4667 (   1.027) /_ -120.8
152       (262)    3           2.4375 (   1.015) /_  119.1
------------
52        (113)    1           2.4068 (   1.002) /_   -1.8
52        (114)    2           2.4657 (   1.027) /_ -121.0
52        (115)    3            2.433 (   1.013) /_  118.9

ELEMENT = "Line.L117"
160R      (263)    1           2.4912 (   1.037) /_   -2.8
160R      (264)    2           2.4996 (   1.041) /_ -121.6
160R      (265)    3           2.4928 (   1.038) /_  118.2
------------
67        (154)    1           2.4889 (   1.036) /_   -3.0
67        (156)    2           2.4992 (   1.041) /_ -121.8
67        (157)    3           2.4899 (   1.037) /_  118.1

ELEMENT = "Line.SW1"
150R      (  4)    1           2.4768 (   1.031) /_    0.0
150R      (  5)    2           2.4768 (   1.031) /_ -120.0
150R      (  6)    3           2.4768 (   1.031) /_  120.0
------------
149       (  7)    1           2.4768 (   1.031) /_    0.0
149       (  8)    2           2.4768 (   1.031) /_ -120.0
149       (  9)    3           2.4768 (   1.031) /_  120.0

ELEMENT = "Line.SW2"
13        ( 26)    1           2.4163 (   1.006) /_   -1.5
13        ( 27)    2           2.4667 (   1.027) /_ -120.8
13        ( 28)    3           2.4375 (   1.015) /_  119.1
------------
152       (260)    1           2.4163 (   1.006) /_   -1.5
152       (261)    2           2.4667 (   1.027) /_ -120.8
152       (262)    3           2.4375 (   1.015) /_  119.1

ELEMENT = "Line.SW3"
18        ( 32)    1           2.3999 (  0.9992) /_   -1.8
18        ( 33)    2           2.4593 (   1.024) /_ -121.0
18        ( 34)    3           2.4239 (   1.009) /_  119.1
------------
135       (257)    1           2.3999 (  0.9992) /_   -1.8
135       (258)    2           2.4593 (   1.024) /_ -121.0
135       (259)    3           2.4239 (   1.009) /_  119.1

ELEMENT = "Line.SW4"
60        (132)    1           2.3868 (  0.9938) /_   -2.8
60        (133)    2           2.4536 (   1.022) /_ -121.6
60        (134)    3           2.4173 (   1.006) /_  118.2
------------
160       (266)    1           2.3868 (  0.9938) /_   -2.8
160       (267)    2           2.4536 (   1.022) /_ -121.6
160       (268)    3           2.4173 (   1.006) /_  118.2

ELEMENT = "Line.SW5"
97        (161)    1           2.4871 (   1.036) /_   -3.0
97        (162)    2           2.4983 (    1.04) /_ -121.8
97        (163)    3           2.4886 (   1.036) /_  118.1
------------
197       (231)    1           2.4871 (   1.036) /_   -3.0
197       (232)    2           2.4983 (    1.04) /_ -121.8
197       (233)    3           2.4886 (   1.036) /_  118.1

ELEMENT = "Line.SW6"
61        (136)    1           2.3868 (  0.9938) /_   -2.8
61        (137)    2           2.4536 (   1.022) /_ -121.6
61        (138)    3           2.4173 (   1.006) /_  118.2
------------
61S       (269)    1           2.3868 (  0.9938) /_   -2.8
61S       (270)    2           2.4536 (   1.022) /_ -121.6
61S       (271)    3           2.4173 (   1.006) /_  118.2

ELEMENT = "Line.SW7"
151       (110)    1           2.3846 (  0.9928) /_   -2.0
151       (111)    2           2.4465 (   1.019) /_ -121.1
151       (112)    3            2.414 (   1.005) /_  118.9
------------
300_OPEN  (272)    1           2.3846 (  0.9928) /_   -2.0
300_OPEN  (273)    2           2.4465 (   1.019) /_ -121.1
300_OPEN  (274)    3            2.414 (   1.005) /_  118.9

ELEMENT = "Line.SW8"
54        (119)    1           2.4003 (  0.9994) /_   -2.0
------------
94_OPEN   (275)    1           2.4003 (  0.9994) /_   -2.0

ELEMENT = "Transformer.XFM1"
61S       (269)    1           2.3868 (  0.9938) /_   -2.8
61S       (270)    2           2.4536 (   1.022) /_ -121.6
61S       (271)    3           2.4173 (   1.006) /_  118.2
61S       (  0)    0                0 (       0) /_    0.0
------------
610       (276)    1          0.27702 (  0.9996) /_   -2.2
610       (277)    2          0.27975 (   1.009) /_ -121.6
610       (278)    3          0.28063 (   1.013) /_  117.6
610       (  0)    0                0 (       0) /_    0.0

ELEMENT = "Capacitor.C83"
83        (195)    1           2.5068 (   1.044) /_   -3.3
83        (196)    2           2.5145 (   1.047) /_ -122.2
83        (197)    3           2.5028 (   1.042) /_  117.7
------------
83        (  0)    0                0 (       0) /_    0.0
83        (  0)    0                0 (       0) /_    0.0
83        (  0)    0                0 (       0) /_    0.0

ELEMENT = "Capacitor.C88A"
88        (202)    1           2.4894 (   1.037) /_   -3.2
------------
88        (  0)    0                0 (       0) /_    0.0

ELEMENT = "Capacitor.C90B"
90        (206)    2           2.4943 (   1.039) /_ -122.2
------------
90        (  0)    0                0 (       0) /_    0.0

ELEMENT = "Capacitor.C92C"
92        (210)    3           2.4982 (    1.04) /_  117.8
------------
92        (  0)    0                0 (       0) /_    0.0

ELEMENT = "Transformer.REG2A"
9         ( 25)    1            2.427 (   1.011) /_   -1.2
9         (  0)    0                0 (       0) /_    0.0
------------
9R        ( 29)    1           2.4119 (   1.004) /_   -1.2
9R        (  0)    0                0 (       0) /_    0.0

ELEMENT = "Transformer.REG3A"
25        ( 50)    1            2.397 (   0.998) /_   -1.9
25        (  0)    0                0 (       0) /_    0.0
------------
25R       ( 53)    1           2.4119 (   1.004) /_   -1.9
25R       (  0)    0                0 (       0) /_    0.0

ELEMENT = "Transformer.REG4A"
160       (266)    1           2.3868 (  0.9938) /_   -2.8
160       (  0)    0                0 (       0) /_    0.0
------------
160R      (263)    1           2.4912 (   1.037) /_   -2.8
160R      (  0)    0                0 (       0) /_    0.0

ELEMENT = "Transformer.REG3C"
25        ( 52)    3           2.4182 (   1.007) /_  119.0
25        (  0)    0                0 (       0) /_    0.0
------------
25R       ( 54)    3            2.403 (   1.001) /_  119.0
25R       (  0)    0                0 (       0) /_    0.0

ELEMENT = "Transformer.REG4B"
160       (267)    2           2.4536 (   1.022) /_ -121.6
160       (  0)    0                0 (       0) /_    0.0
------------
160R      (264)    2           2.4996 (   1.041) /_ -121.6
160R      (  0)    0                0 (       0) /_    0.0

ELEMENT = "Transformer.REG4C"
160       (268)    3           2.4173 (   1.006) /_  118.2
160       (  0)    0                0 (       0) /_    0.0
------------
160R      (265)    3           2.4928 (   1.038) /_  118.2
160R      (  0)    0                0 (       0) /_    0.0

= = = = = = = = = = = = = = = = = = =  = = = = = = = = = = =  = =

Power Conversion Elements

Bus      (node ref)  Phase    Magnitude, kV (pu)    Angle

ELEMENT = "Storage.STORAGE"
60        (132)    1           2.3868 (  0.9938) /_   -2.8
60        (133)    2           2.4536 (   1.022) /_ -121.6
60        (134)    3           2.4173 (   1.006) /_  118.2
60        (  0)    0                0 (       0) /_    0.0

ELEMENT = "PVSystem.PV"
60        (132)    1           2.3868 (  0.9938) /_   -2.8
60        (133)    2           2.4536 (   1.022) /_ -121.6
60        (134)    3           2.4173 (   1.006) /_  118.2
60        (  0)    0                0 (       0) /_    0.0

ELEMENT = "Load.S1A"
1         ( 10)    1           2.4557 (   1.022) /_   -0.5
1         (  0)    0                0 (       0) /_    0.0

ELEMENT = "Load.S2B"
2         ( 13)    2           2.4732 (    1.03) /_ -120.3
2         (  0)    0                0 (       0) /_    0.0

ELEMENT = "Load.S4C"
4         ( 18)    3           2.4582 (   1.023) /_  119.7
4         (  0)    0                0 (       0) /_    0.0

ELEMENT = "Load.S5C"
5         ( 19)    3           2.4568 (   1.023) /_  119.7
5         (  0)    0                0 (       0) /_    0.0

ELEMENT = "Load.S6C"
6         ( 20)    3           2.4556 (   1.022) /_  119.6
6         (  0)    0                0 (       0) /_    0.0

ELEMENT = "Load.S7A"
7         ( 15)    1           2.4399 (   1.016) /_   -0.9
7         (  0)    0                0 (       0) /_    0.0

ELEMENT = "Load.S9A"
9         ( 25)    1            2.427 (   1.011) /_   -1.2
9         (  0)    0                0 (       0) /_    0.0

ELEMENT = "Load.S10A"
10        ( 36)    1           2.4082 (   1.003) /_   -1.2
10        (  0)    0                0 (       0) /_    0.0

ELEMENT = "Load.S11A"
11        ( 35)    1           2.4076 (   1.002) /_   -1.2
11        (  0)    0                0 (       0) /_    0.0

ELEMENT = "Load.S12B"
12        ( 24)    2           2.4693 (   1.028) /_ -120.6
12        (  0)    0                0 (       0) /_    0.0

ELEMENT = "Load.S16C"
16        ( 38)    3           2.4332 (   1.013) /_  119.1
16        (  0)    0                0 (       0) /_    0.0

ELEMENT = "Load.S17C"
17        ( 39)    3           2.4341 (   1.013) /_  119.1
17        (  0)    0                0 (       0) /_    0.0

ELEMENT = "Load.S19A"
19        ( 40)    1           2.3975 (  0.9982) /_   -1.8
19        (  0)    0                0 (       0) /_    0.0

ELEMENT = "Load.S20A"
20        ( 44)    1            2.396 (  0.9976) /_   -1.8
20        (  0)    0                0 (       0) /_    0.0

ELEMENT = "Load.S22B"
22        ( 45)    2           2.4568 (   1.023) /_ -121.0
22        (  0)    0                0 (       0) /_    0.0

ELEMENT = "Load.S24C"
24        ( 49)    3           2.4172 (   1.006) /_  119.0
24        (  0)    0                0 (       0) /_    0.0

ELEMENT = "Load.S28A"
28        ( 57)    1           2.3963 (  0.9977) /_   -1.9
28        (  0)    0                0 (       0) /_    0.0

ELEMENT = "Load.S29A"
29        ( 64)    1            2.396 (  0.9976) /_   -2.0
29        (  0)    0                0 (       0) /_    0.0

ELEMENT = "Load.S30C"
30        ( 69)    3           2.4159 (   1.006) /_  119.0
30        (  0)    0                0 (       0) /_    0.0

ELEMENT = "Load.S31C"
31        ( 62)    3           2.4011 (  0.9997) /_  119.0
31        (  0)    0                0 (       0) /_    0.0

ELEMENT = "Load.S32C"
32        ( 73)    3           2.4004 (  0.9994) /_  119.0
32        (  0)    0                0 (       0) /_    0.0

ELEMENT = "Load.S33A"
33        ( 63)    1           2.4084 (   1.003) /_   -2.0
33        (  0)    0                0 (       0) /_    0.0

ELEMENT = "Load.S34C"
34        ( 31)    3           2.4357 (   1.014) /_  119.1
34        (  0)    0                0 (       0) /_    0.0

ELEMENT = "Load.S35A"
35        ( 74)    1           2.3949 (  0.9971) /_   -1.9
35        ( 75)    2           2.4547 (   1.022) /_ -121.0

ELEMENT = "Load.S37A"
37        ( 82)    1           2.3918 (  0.9958) /_   -1.9
37        (  0)    0                0 (       0) /_    0.0

ELEMENT = "Load.S38B"
38        ( 83)    2           2.4526 (   1.021) /_ -121.1
38        (  0)    0                0 (       0) /_    0.0

ELEMENT = "Load.S39B"
39        ( 84)    2           2.4519 (   1.021) /_ -121.1
39        (  0)    0                0 (       0) /_    0.0

ELEMENT = "Load.S41C"
41        ( 85)    3           2.4193 (   1.007) /_  119.0
41        (  0)    0                0 (       0) /_    0.0

ELEMENT = "Load.S42A"
42        ( 86)    1           2.3893 (  0.9948) /_   -1.9
42        (  0)    0                0 (       0) /_    0.0

ELEMENT = "Load.S43B"
43        ( 89)    2           2.4481 (   1.019) /_ -121.1
43        (  0)    0                0 (       0) /_    0.0

ELEMENT = "Load.S45A"
45        ( 93)    1           2.3863 (  0.9936) /_   -1.9
45        (  0)    0                0 (       0) /_    0.0

ELEMENT = "Load.S46A"
46        ( 97)    1           2.3856 (  0.9933) /_   -2.0
46        (  0)    0                0 (       0) /_    0.0

ELEMENT = "Load.S47"
47        ( 94)    1           2.3854 (  0.9932) /_   -2.0
47        ( 95)    2           2.4473 (   1.019) /_ -121.1
47        ( 96)    3           2.4152 (   1.006) /_  118.9
47        (  0)    0                0 (       0) /_    0.0

ELEMENT = "Load.S48"
48        ( 98)    1           2.3849 (   0.993) /_   -2.0
48        ( 99)    2           2.4468 (   1.019) /_ -121.2
48        (100)    3           2.4148 (   1.005) /_  118.9
48        (  0)    0                0 (       0) /_    0.0

ELEMENT = "Load.S49A"
49        (101)    1           2.3849 (   0.993) /_   -2.0
49        (  0)    0                0 (       0) /_    0.0

ELEMENT = "Load.S49B"
49        (102)    2           2.4463 (   1.019) /_ -121.2
49        (  0)    0                0 (       0) /_    0.0

ELEMENT = "Load.S49C"
49        (103)    3           2.4146 (   1.005) /_  118.9
49        (  0)    0                0 (       0) /_    0.0

ELEMENT = "Load.S50C"
50        (106)    3            2.414 (   1.005) /_  118.9
50        (  0)    0                0 (       0) /_    0.0

ELEMENT = "Load.S51A"
51        (107)    1           2.3846 (  0.9928) /_   -2.0
51        (  0)    0                0 (       0) /_    0.0

ELEMENT = "Load.S52A"
52        (113)    1           2.4068 (   1.002) /_   -1.8
52        (  0)    0                0 (       0) /_    0.0

ELEMENT = "Load.S53A"
53        (116)    1           2.4026 (       1) /_   -1.9
53        (  0)    0                0 (       0) /_    0.0

ELEMENT = "Load.S55A"
55        (122)    1           2.3999 (  0.9992) /_   -2.0
55        (  0)    0                0 (       0) /_    0.0

ELEMENT = "Load.S56B"
56        (129)    2           2.4638 (   1.026) /_ -121.1
56        (  0)    0                0 (       0) /_    0.0

ELEMENT = "Load.S58B"
58        (131)    2           2.4591 (   1.024) /_ -121.3
58        (  0)    0                0 (       0) /_    0.0

ELEMENT = "Load.S59B"
59        (135)    2           2.4585 (   1.024) /_ -121.3
59        (  0)    0                0 (       0) /_    0.0

ELEMENT = "Load.S60A"
60        (132)    1           2.3868 (  0.9938) /_   -2.8
60        (  0)    0                0 (       0) /_    0.0

ELEMENT = "Load.S62C"
62        (141)    3           2.4135 (   1.005) /_  118.2
62        (  0)    0                0 (       0) /_    0.0

ELEMENT = "Load.S63A"
63        (142)    1           2.3843 (  0.9927) /_   -2.8
63        (  0)    0                0 (       0) /_    0.0

ELEMENT = "Load.S64B"
64        (146)    2           2.4465 (   1.019) /_ -121.6
64        (  0)    0                0 (       0) /_    0.0

ELEMENT = "Load.S65A"
65        (148)    1           2.3824 (  0.9919) /_   -2.8
65        (149)    2           2.4459 (   1.018) /_ -121.6

ELEMENT = "Load.S65B"
65        (149)    2           2.4459 (   1.018) /_ -121.6
65        (150)    3           2.4024 (       1) /_  118.2

ELEMENT = "Load.S65C"
65        (150)    3           2.4024 (       1) /_  118.2
65        (148)    1           2.3824 (  0.9919) /_   -2.8

ELEMENT = "Load.S66C"
66        (153)    3           2.3996 (  0.9991) /_  118.2
66        (  0)    0                0 (       0) /_    0.0

ELEMENT = "Load.S68A"
68        (155)    1           2.4861 (   1.035) /_   -3.0
68        (  0)    0                0 (       0) /_    0.0

ELEMENT = "Load.S69A"
69        (164)    1           2.4829 (   1.034) /_   -3.0
69        (  0)    0                0 (       0) /_    0.0

ELEMENT = "Load.S70A"
70        (165)    1           2.4807 (   1.033) /_   -3.0
70        (  0)    0                0 (       0) /_    0.0

ELEMENT = "Load.S71A"
71        (166)    1           2.4794 (   1.032) /_   -3.1
71        (  0)    0                0 (       0) /_    0.0

ELEMENT = "Load.S73C"
73        (167)    3           2.4865 (   1.035) /_  118.0
73        (  0)    0                0 (       0) /_    0.0

ELEMENT = "Load.S74C"
74        (171)    3           2.4831 (   1.034) /_  117.9
74        (  0)    0                0 (       0) /_    0.0

ELEMENT = "Load.S75C"
75        (172)    3           2.4813 (   1.033) /_  117.9
75        (  0)    0                0 (       0) /_    0.0

ELEMENT = "Load.S76A"
76        (168)    1            2.491 (   1.037) /_   -3.1
76        (169)    2           2.4982 (    1.04) /_ -122.0

ELEMENT = "Load.S76B"
76        (169)    2           2.4982 (    1.04) /_ -122.0
76        (170)    3           2.4921 (   1.038) /_  117.9

ELEMENT = "Load.S76C"
76        (170)    3           2.4921 (   1.038) /_  117.9
76        (168)    1            2.491 (   1.037) /_   -3.1

ELEMENT = "Load.S77B"
77        (174)    2           2.5014 (   1.041) /_ -122.0
77        (  0)    0                0 (       0) /_    0.0

ELEMENT = "Load.S79A"
79        (182)    1           2.4944 (   1.039) /_   -3.2
79        (  0)    0                0 (       0) /_    0.0

ELEMENT = "Load.S80B"
80        (186)    2           2.5068 (   1.044) /_ -122.1
80        (  0)    0                0 (       0) /_    0.0

ELEMENT = "Load.S82A"
82        (191)    1            2.504 (   1.043) /_   -3.3
82        (  0)    0                0 (       0) /_    0.0

ELEMENT = "Load.S83C"
83        (197)    3           2.5028 (   1.042) /_  117.7
83        (  0)    0                0 (       0) /_    0.0

ELEMENT = "Load.S84C"
84        (194)    3            2.494 (   1.038) /_  117.7
84        (  0)    0                0 (       0) /_    0.0

ELEMENT = "Load.S85C"
85        (198)    3           2.4918 (   1.037) /_  117.7
85        (  0)    0                0 (       0) /_    0.0

ELEMENT = "Load.S86B"
86        (177)    2           2.4955 (   1.039) /_ -122.1
86        (  0)    0                0 (       0) /_    0.0

ELEMENT = "Load.S87B"
87        (200)    2           2.4944 (   1.039) /_ -122.2
87        (  0)    0                0 (       0) /_    0.0

ELEMENT = "Load.S88A"
88        (202)    1           2.4894 (   1.037) /_   -3.2
88        (  0)    0                0 (       0) /_    0.0

ELEMENT = "Load.S90B"
90        (206)    2           2.4943 (   1.039) /_ -122.2
90        (  0)    0                0 (       0) /_    0.0

ELEMENT = "Load.S92C"
92        (210)    3           2.4982 (    1.04) /_  117.8
92        (  0)    0                0 (       0) /_    0.0

ELEMENT = "Load.S94A"
94        (214)    1           2.4862 (   1.035) /_   -3.2
94        (  0)    0                0 (       0) /_    0.0

ELEMENT = "Load.S95B"
95        (216)    2           2.4925 (   1.038) /_ -122.2
95        (  0)    0                0 (       0) /_    0.0

ELEMENT = "Load.S96B"
96        (218)    2            2.492 (   1.038) /_ -122.2
96        (  0)    0                0 (       0) /_    0.0

ELEMENT = "Load.S98A"
98        (219)    1           2.4867 (   1.035) /_   -3.0
98        (  0)    0                0 (       0) /_    0.0

ELEMENT = "Load.S99B"
99        (223)    2           2.4963 (   1.039) /_ -121.8
99        (  0)    0                0 (       0) /_    0.0

ELEMENT = "Load.S100C"
100       (227)    3           2.4869 (   1.035) /_  118.0
100       (  0)    0                0 (       0) /_    0.0

ELEMENT = "Load.S102C"
102       (237)    3            2.485 (   1.035) /_  118.0
102       (  0)    0                0 (       0) /_    0.0

ELEMENT = "Load.S103C"
103       (241)    3            2.482 (   1.033) /_  118.0
103       (  0)    0                0 (       0) /_    0.0

ELEMENT = "Load.S104C"
104       (242)    3           2.4788 (   1.032) /_  118.0
104       (  0)    0                0 (       0) /_    0.0

ELEMENT = "Load.S106B"
106       (243)    2           2.4954 (   1.039) /_ -121.9
106       (  0)    0                0 (       0) /_    0.0

ELEMENT = "Load.S107B"
107       (247)    2           2.4928 (   1.038) /_ -121.9
107       (  0)    0                0 (       0) /_    0.0

ELEMENT = "Load.S109A"
109       (248)    1           2.4731 (    1.03) /_   -3.2
109       (  0)    0                0 (       0) /_    0.0

ELEMENT = "Load.S111A"
111       (253)    1           2.4681 (   1.028) /_   -3.2
111       (  0)    0                0 (       0) /_    0.0

ELEMENT = "Load.S112A"
112       (254)    1           2.4683 (   1.028) /_   -3.2
112       (  0)    0                0 (       0) /_    0.0

ELEMENT = "Load.S113A"
113       (255)    1           2.4645 (   1.026) /_   -3.3
113       (  0)    0                0 (       0) /_    0.0

ELEMENT = "Load.S114A"
114       (256)    1           2.4637 (   1.026) /_   -3.3
114       (  0)    0                0 (       0) /_    0.0

